00100000000100000000000000000000
00100000000010000000000000000000
00100000000010010000000000001100
00010001000010010000000000000101
00000000000010000101100010000000
00000010000010001000100000100000
10101110001010110000000000000000
00100001000010000000000000000100
00001000000000000000000000000011
00000000000000000100000000100000
00100000000011000000000000000000
00010001000010010000000000000101
00000010000010001000100000100000
10001110001011010000000000000000
00000001100011010110000000100000
00100001000010000000000000000100
00001000000000000000000000001011
00100001100001000000000000000000
