00000000000000000100000000100000
00100000000010010000000000000101
00100000000011100000000000000000
00000001000010010101000000101010
00010001010000000000000000000101
00000000000010000101100010000000
00100001011011000000000000000100
10101101100010000000000000000000
00100001000010000000000000000001
00001000000000000000000000000011
00100000000000000000000000000000
00000000000000000100000000100000
00000000000000000110000000100000
00000001000010010101000000101010
00010001010000000000000000000110
00000000000010000101100010000000
00100001011011000000000000000100
10001101100011010000000000000000
00000001110011010111000000100000
00100001000010000000000000000001
00001000000000000000000000001101
00100000000000000000000000000000
